"","P(Y = 1)","P(Y = 2)","P(Y = 3)","P(Y = 4)"
"1",0.26925,0.70325,0.0275,0
"2",0.03125,0.71825,0.24975,0.00075
"3",0.0015,0.20375,0.77175,0.023
"4",0,0.02125,0.76875,0.21
"5",0,0.001,0.25825,0.74075
"6",0.835,0.164,0.001,0
"7",0.33025,0.6505,0.01925,0
"8",0.04075,0.747,0.21125,0.001
"9",0.001,0.24125,0.73925,0.0185
"10",0,0.02825,0.80575,0.166
"11",0.992,0.008,0,0
"12",0.922,0.078,0,0
"13",0.5615,0.434,0.0045,0
"14",0.098,0.81125,0.0905,0.00025
"15",0.00625,0.45775,0.53175,0.00425
"16",0.02025,0.71025,0.269,5e-04
"17",0.001,0.20325,0.77125,0.0245
"18",0,0.02025,0.77625,0.2035
"19",0,5e-04,0.267,0.7325
"20",0,0,0.034,0.966
"21",0.0895,0.80425,0.106,0.00025
"22",0.00425,0.421,0.56825,0.0065
"23",0.00075,0.05525,0.85025,0.09375
"24",0,0.004,0.491,0.505
"25",0,0.00025,0.08825,0.9115
"26",0.997,0.003,0,0
"27",0.97575,0.02425,0,0
"28",0.79175,0.20675,0.0015,0
"29",0.27525,0.7,0.02475,0
"30",0.02425,0.7,0.27575,0
"31",0.88375,0.116,0.00025,0
"32",0.42,0.5685,0.0115,0
"33",0.059,0.78625,0.15475,0
"34",0.00225,0.3395,0.64675,0.0115
"35",0,0.04075,0.84,0.11925
"36",0.99375,0.00625,0,0
"37",0.945,0.055,0,0
"38",0.62175,0.37425,0.004,0
"39",0.11975,0.79825,0.082,0
"40",0.00925,0.5215,0.46525,0.004
"41",0.99675,0.00325,0,0
"42",0.9675,0.0325,0,0
"43",0.76675,0.232,0.00125,0
"44",0.243,0.72375,0.03325,0
"45",0.023,0.68575,0.29075,5e-04
"46",0.00175,0.246,0.7325,0.01975
"47",0,0.026,0.7925,0.1815
"48",0,0.001,0.32,0.679
"49",0,0.00025,0.04625,0.9535
"50",0,0,0.0035,0.9965
"51",0.8605,0.139,5e-04,0
"52",0.39775,0.5895,0.01275,0
"53",0.05575,0.79025,0.154,0
"54",0.004,0.313,0.673,0.01
"55",0,0.03775,0.8435,0.11875
"56",0.27925,0.6915,0.02925,0
"57",0.0305,0.7045,0.26375,0.00125
"58",5e-04,0.207,0.76875,0.02375
"59",0,0.016,0.76475,0.21925
"60",0,5e-04,0.2765,0.723
"61",0.601,0.3955,0.0035,0
"62",0.1205,0.81425,0.06525,0
"63",0.00775,0.52675,0.46275,0.00275
"64",0.00025,0.0905,0.85175,0.0575
"65",0,0.00525,0.599,0.39575
"66",0.561,0.4325,0.0065,0
"67",0.11225,0.8035,0.08425,0
"68",0.0075,0.487,0.50225,0.00325
"69",0.00025,0.08375,0.8555,0.0605
"70",0,0.004,0.54675,0.44925
"71",0.9905,0.0095,0,0
"72",0.913,0.087,0,0
"73",0.5125,0.47775,0.00975,0
"74",0.09275,0.8,0.10675,5e-04
"75",0.00525,0.42875,0.5615,0.0045
"76",0.99675,0.00325,0,0
"77",0.96525,0.03475,0,0
"78",0.763,0.23625,0.00075,0
"79",0.2255,0.74,0.0345,0
"80",0.02,0.675,0.30375,0.00125
"81",0.2205,0.73875,0.04075,0
"82",0.01775,0.6535,0.32725,0.0015
"83",0.00025,0.16475,0.80625,0.02875
"84",0,0.01225,0.7275,0.26025
"85",0,0.00075,0.212,0.78725
"86",0.0455,0.77625,0.17775,5e-04
"87",0.00225,0.30825,0.67825,0.01125
"88",0,0.03,0.83,0.14
"89",0,0.001,0.38775,0.61125
"90",0,0,0.052,0.948
"91",0.99975,0.00025,0,0
"92",0.9965,0.0035,0,0
"93",0.96275,0.03725,0,0
"94",0.72525,0.273,0.00175,0
"95",0.191,0.761,0.04775,0.00025
"96",0.98825,0.01175,0,0
"97",0.877,0.123,0,0
"98",0.418,0.57075,0.01125,0
"99",0.0565,0.78975,0.153,0.00075
"100",0.00275,0.327,0.658,0.01225
"101",0.93125,0.06875,0,0
"102",0.57025,0.42425,0.0055,0
"103",0.1015,0.8155,0.083,0
"104",0.00725,0.4725,0.51575,0.0045
"105",0.00025,0.08225,0.8445,0.073
"106",0.0725,0.78875,0.13875,0
"107",0.003,0.36475,0.62425,0.008
"108",0,0.04925,0.84975,0.101
"109",0,0.00225,0.4425,0.55525
"110",0,0,0.06875,0.93125
"111",0.3895,0.597,0.0135,0
"112",0.04675,0.7845,0.1685,0.00025
"113",0.00275,0.304,0.6795,0.01375
"114",0,0.036,0.822,0.142
"115",0,0.002,0.37,0.628
"116",0.17225,0.776,0.05175,0
"117",0.015,0.58375,0.3995,0.00175
"118",5e-04,0.1255,0.837,0.037
"119",0,0.00925,0.67625,0.3145
"120",0,0.00025,0.17,0.82975
"121",0.38675,0.604,0.00925,0
"122",0.05075,0.77,0.17875,5e-04
"123",0.001,0.3055,0.684,0.0095
"124",0,0.045,0.826,0.129
"125",0,0.001,0.36625,0.63275
"126",0.98775,0.01225,0,0
"127",0.887,0.1125,5e-04,0
"128",0.43425,0.55625,0.0095,0
"129",0.06675,0.77525,0.158,0
"130",0.004,0.338,0.65,0.008
"131",0.743,0.2555,0.0015,0
"132",0.2245,0.73875,0.03675,0
"133",0.021,0.668,0.31,0.001
"134",0.00025,0.1645,0.80925,0.026
"135",0,0.01725,0.71475,0.268
"136",0.02825,0.6835,0.287,0.00125
"137",5e-04,0.1935,0.78475,0.02125
"138",0,0.024,0.76275,0.21325
"139",0,0.00025,0.249,0.75075
"140",0,0,0.0365,0.9635
"141",0.46275,0.52775,0.0095,0
"142",0.06825,0.80225,0.12925,0.00025
"143",0.004,0.364,0.62575,0.00625
"144",0,0.04625,0.8505,0.10325
"145",0,0.00375,0.43375,0.5625
"146",0.99575,0.00425,0,0
"147",0.96,0.04,0,0
"148",0.6895,0.30775,0.00275,0
"149",0.1815,0.7685,0.05,0
"150",0.01175,0.59875,0.38825,0.00125
"151",0.0015,0.29725,0.6875,0.01375
"152",0.00025,0.0345,0.81,0.15525
"153",0,0.00075,0.364,0.63525
"154",0,0.00025,0.058,0.94175
"155",0,0,0.00775,0.99225
"156",0.47,0.52175,0.00825,0
"157",0.07375,0.8005,0.12525,5e-04
"158",0.00375,0.38225,0.60675,0.00725
"159",0,0.05675,0.84975,0.0935
"160",0,0.00325,0.45475,0.542
"161",0.07375,0.797,0.12925,0
"162",0.00425,0.3895,0.60025,0.006
"163",0,0.06175,0.84,0.09825
"164",0,0.002,0.45775,0.54025
"165",0,0,0.0895,0.9105
"166",0.00025,0.1215,0.83375,0.0445
"167",0,0.0085,0.663,0.3285
"168",0,0.00025,0.18325,0.8165
"169",0,0,0.01725,0.98275
"170",0,0,0.00275,0.99725
"171",0.98275,0.01725,0,0
"172",0.83675,0.163,0.00025,0
"173",0.32175,0.66075,0.0175,0
"174",0.03725,0.752,0.21025,5e-04
"175",0.00175,0.26225,0.72225,0.01375
"176",0.98775,0.01225,0,0
"177",0.89775,0.10175,5e-04,0
"178",0.45975,0.5335,0.00675,0
"179",0.0765,0.783,0.14025,0.00025
"180",0.003,0.3525,0.63575,0.00875
"181",1,0,0,0
"182",0.999,0.001,0,0
"183",0.9985,0.0015,0,0
"184",0.971,0.029,0,0
"185",0.79375,0.2055,0.00075,0
"186",0.472,0.52,0.008,0
"187",0.075,0.81225,0.11275,0
"188",0.00425,0.40075,0.58975,0.00525
"189",0.00025,0.0565,0.84425,0.099
"190",0,0.00325,0.45225,0.5445
"191",0.1115,0.8065,0.08175,0.00025
"192",0.00675,0.508,0.48175,0.0035
"193",0,0.0975,0.8405,0.062
"194",0,0.0075,0.58725,0.40525
"195",0,0,0.12725,0.87275
"196",0.866,0.134,0,0
"197",0.38375,0.60425,0.012,0
"198",0.0495,0.771,0.1795,0
"199",0.002,0.28225,0.70175,0.014
"200",0,0.02675,0.8455,0.12775
"201",0.83825,0.1615,0.00025,0
"202",0.35525,0.6295,0.01525,0
"203",0.04,0.76875,0.19075,5e-04
"204",0.0015,0.27475,0.71,0.01375
"205",0,0.027,0.81275,0.16025
"206",0.02925,0.7215,0.24825,0.001
"207",0.00075,0.1985,0.78525,0.0155
"208",0,0.02225,0.7555,0.22225
"209",0,5e-04,0.28,0.7195
"210",0,0,0.0365,0.9635
"211",0.51325,0.4775,0.00925,0
"212",0.09375,0.80325,0.103,0
"213",0.00425,0.43075,0.56,0.005
"214",0,0.06125,0.8515,0.08725
"215",0,0.00375,0.51175,0.4845
"216",0.24425,0.725,0.03075,0
"217",0.03,0.685,0.284,0.001
"218",0.00075,0.17525,0.79925,0.02475
"219",0,0.01825,0.75325,0.2285
"220",0,0.001,0.24025,0.75875
"221",0.69275,0.30525,0.002,0
"222",0.182,0.766,0.052,0
"223",0.01225,0.60525,0.38125,0.00125
"224",0.00025,0.11475,0.8435,0.0415
"225",0,0.01325,0.67075,0.316
"226",0.67175,0.326,0.00225,0
"227",0.168,0.778,0.054,0
"228",0.00975,0.57625,0.4125,0.0015
"229",0,0.132,0.8235,0.0445
"230",0,0.00925,0.6455,0.34525
"231",0.01775,0.64075,0.339,0.0025
"232",0.00075,0.15225,0.8185,0.0285
"233",0,0.0115,0.69825,0.29025
"234",0,0.001,0.195,0.804
"235",0,0,0.02225,0.97775
"236",0.7225,0.27675,0.00075,0
"237",0.17725,0.77325,0.0495,0
"238",0.0165,0.6295,0.35225,0.00175
"239",5e-04,0.1385,0.82475,0.03625
"240",0,0.01225,0.69125,0.2965
"241",0.96425,0.03575,0,0
"242",0.74375,0.2545,0.00175,0
"243",0.2345,0.72975,0.0355,0.00025
"244",0.02,0.66475,0.3145,0.00075
"245",0.00025,0.16325,0.80925,0.02725
"246",0.941,0.059,0,0
"247",0.6145,0.38225,0.00325,0
"248",0.12875,0.8,0.071,0.00025
"249",0.009,0.514,0.4735,0.0035
"250",0,0.08275,0.85525,0.062
"251",0.73825,0.2605,0.00125,0
"252",0.2135,0.74825,0.03825,0
"253",0.0175,0.64575,0.33525,0.0015
"254",5e-04,0.14625,0.822,0.03125
"255",0,0.0115,0.71325,0.27525
"256",0.418,0.57225,0.00975,0
"257",0.062,0.79125,0.14675,0
"258",0.00275,0.345,0.64375,0.0085
"259",0.00025,0.0415,0.8495,0.10875
"260",0,0.00175,0.44425,0.554
"261",0.43475,0.5575,0.00775,0
"262",0.056,0.78025,0.16375,0
"263",0.00375,0.3355,0.65,0.01075
"264",0,0.0445,0.8335,0.122
"265",0,0.0025,0.41225,0.58525
"266",0.77125,0.228,0.00075,0
"267",0.25475,0.7125,0.03275,0
"268",0.02275,0.68725,0.28925,0.00075
"269",0.00025,0.19025,0.787,0.0225
"270",0,0.01525,0.74725,0.2375
"271",0.8565,0.14275,0.00075,0
"272",0.392,0.593,0.015,0
"273",0.04825,0.77725,0.1745,0
"274",0.001,0.3005,0.6855,0.013
"275",0,0.032,0.818,0.15
"276",0.9995,5e-04,0,0
"277",0.99375,0.00625,0,0
"278",0.9215,0.0785,0,0
"279",0.541,0.4505,0.0085,0
"280",0.08725,0.79925,0.11325,0.00025
"281",0.31725,0.66475,0.01775,0.00025
"282",0.033,0.7405,0.226,5e-04
"283",0.00125,0.2455,0.738,0.01525
"284",0,0.025,0.799,0.176
"285",0,0.002,0.32325,0.67475
"286",0.99775,0.00225,0,0
"287",0.9695,0.0305,0,0
"288",0.75875,0.2395,0.00175,0
"289",0.22,0.748,0.032,0
"290",0.02075,0.6565,0.3205,0.00225
"291",0.76825,0.231,0.00075,0
"292",0.2365,0.72875,0.03475,0
"293",0.0255,0.669,0.30475,0.00075
"294",0.00075,0.186,0.786,0.02725
"295",0,0.01625,0.747,0.23675
"296",0.03375,0.745,0.22025,0.001
"297",0.00075,0.253,0.72975,0.0165
"298",0,0.028,0.79275,0.17925
"299",0,0.001,0.305,0.694
"300",0,0,0.04525,0.95475
"301",0.3765,0.61,0.0135,0
"302",0.0505,0.7675,0.1815,5e-04
"303",0.002,0.30975,0.676,0.01225
"304",0,0.03525,0.8195,0.14525
"305",0,0.0015,0.3565,0.642
"306",0.97725,0.02275,0,0
"307",0.81825,0.181,0.00075,0
"308",0.2945,0.68125,0.02425,0
"309",0.02925,0.72875,0.2415,5e-04
"310",5e-04,0.23125,0.74725,0.021
"311",0.253,0.71975,0.02725,0
"312",0.02575,0.68325,0.28975,0.00125
"313",0.00075,0.1945,0.78025,0.0245
"314",0.00025,0.0205,0.74825,0.231
"315",0,0.001,0.24525,0.75375
"316",0.9405,0.0595,0,0
"317",0.62675,0.3695,0.00375,0
"318",0.128,0.79525,0.07675,0
"319",0.01125,0.53025,0.45575,0.00275
"320",0.00025,0.09775,0.84125,0.06075
"321",0.9235,0.0765,0,0
"322",0.54225,0.4505,0.00725,0
"323",0.09825,0.804,0.09725,5e-04
"324",0.00725,0.42975,0.55975,0.00325
"325",0,0.069,0.85,0.081
"326",0.028,0.7105,0.26125,0.00025
"327",0.00025,0.2055,0.76975,0.0245
"328",0,0.021,0.77225,0.20675
"329",0,0.00075,0.27875,0.7205
"330",0,0.00025,0.035,0.96475
"331",0.2625,0.713,0.0245,0
"332",0.032,0.70975,0.25725,0.001
"333",0.00075,0.2005,0.779,0.01975
"334",0,0.0185,0.77175,0.20975
"335",0,0.00125,0.26975,0.729
"336",0,0.00025,0.0535,0.94625
"337",0,0,0.0035,0.9965
"338",0,0,0.00025,0.99975
"339",0,0,0,1
"340",0,0,0,1
"341",0.9985,0.0015,0,0
"342",0.975,0.025,0,0
"343",0.81025,0.18925,5e-04,0
"344",0.299,0.6745,0.0265,0
"345",0.031,0.719,0.25,0
"346",0.62375,0.37275,0.0035,0
"347",0.1275,0.8035,0.06875,0.00025
"348",0.01025,0.506,0.48125,0.0025
"349",0.00025,0.09675,0.8455,0.0575
"350",0,0.0055,0.5945,0.4
"351",0.49925,0.49325,0.0075,0
"352",0.08725,0.79225,0.1205,0
"353",0.005,0.40475,0.585,0.00525
"354",0,0.05775,0.84675,0.0955
"355",0,0.00375,0.483,0.51325
"356",0.0185,0.64675,0.33425,5e-04
"357",0.00025,0.163,0.808,0.02875
"358",0,0.01075,0.724,0.26525
"359",0,5e-04,0.2075,0.792
"360",0,0,0.029,0.971
"361",0.933,0.067,0,0
"362",0.617,0.3795,0.0035,0
"363",0.1165,0.80875,0.07475,0
"364",0.0075,0.51725,0.47125,0.004
"365",0.00025,0.09075,0.8555,0.0535
"366",0.003,0.3925,0.5985,0.006
"367",0,0.0605,0.846,0.0935
"368",0,0.002,0.48625,0.51175
"369",0,0.00025,0.08975,0.91
"370",0,0,0.011,0.989
"371",0.4435,0.54825,0.00825,0
"372",0.07625,0.7875,0.13575,5e-04
"373",0.00225,0.3665,0.62425,0.007
"374",0,0.0485,0.8515,0.1
"375",0,0.003,0.44325,0.55375
"376",0.96475,0.03525,0,0
"377",0.74325,0.256,0.00075,0
"378",0.21725,0.743,0.0395,0.00025
"379",0.01825,0.658,0.32225,0.0015
"380",0,0.15925,0.8115,0.02925
"381",0.7505,0.247,0.0025,0
"382",0.2125,0.75325,0.03425,0
"383",0.02025,0.652,0.32675,0.001
"384",0.00025,0.156,0.81275,0.031
"385",0,0.015,0.72525,0.25975
"386",0.64425,0.35325,0.0025,0
"387",0.15325,0.787,0.0595,0.00025
"388",0.01,0.54025,0.44825,0.0015
"389",5e-04,0.103,0.84525,0.05125
"390",0,0.00825,0.63025,0.3615
"391",0.71175,0.28675,0.0015,0
"392",0.20125,0.7565,0.04225,0
"393",0.01375,0.61175,0.37375,0.00075
"394",0.00025,0.13725,0.8265,0.036
"395",0,0.01075,0.68925,0.3
"396",0.9395,0.0605,0,0
"397",0.62075,0.376,0.00325,0
"398",0.138,0.79475,0.067,0.00025
"399",0.0075,0.52225,0.468,0.00225
"400",0,0.09575,0.84625,0.058
"401",0.77775,0.2215,0.00075,0
"402",0.257,0.70725,0.03575,0
"403",0.0225,0.702,0.27475,0.00075
"404",0.00075,0.1835,0.79325,0.0225
"405",0,0.0165,0.74675,0.23675
"406",0.07775,0.797,0.12525,0
"407",0.0035,0.3995,0.59075,0.00625
"408",0,0.05675,0.85625,0.087
"409",0,0.0025,0.478,0.5195
"410",0,0.00025,0.086,0.91375
"411",0.12025,0.7985,0.08125,0
"412",0.0085,0.492,0.49525,0.00425
"413",0,0.08875,0.846,0.06525
"414",0,0.005,0.58075,0.41425
"415",0,0.00025,0.12125,0.8785
"416",0,0.0415,0.838,0.1205
"417",0,0.0035,0.41125,0.58525
"418",0,0.00025,0.0675,0.93225
"419",0,0,0.008,0.992
"420",0,0,0.001,0.999
"421",0.994,0.006,0,0
"422",0.931,0.069,0,0
"423",0.56425,0.43025,0.0055,0
"424",0.1065,0.804,0.0895,0
"425",0.0075,0.48775,0.50025,0.0045
"426",0.99575,0.00425,0,0
"427",0.969,0.031,0,0
"428",0.7695,0.23,5e-04,0
"429",0.2275,0.746,0.0265,0
"430",0.02425,0.68125,0.29375,0.00075
"431",0,0.0185,0.7285,0.253
"432",0,0.00025,0.22125,0.7785
"433",0,0,0.02775,0.97225
"434",0,0,0.0025,0.9975
"435",0,0,0.00075,0.99925
"436",0.4975,0.494,0.0085,0
"437",0.086,0.801,0.113,0
"438",0.0045,0.41675,0.57375,0.005
"439",0,0.05375,0.85825,0.088
"440",0,0.00425,0.50325,0.4925
"441",0.496,0.49575,0.00825,0
"442",0.0855,0.79925,0.11525,0
"443",0.003,0.40525,0.58625,0.0055
"444",0,0.059,0.851,0.09
"445",0,0.00375,0.488,0.50825
"446",0.992,0.008,0,0
"447",0.9405,0.05925,0.00025,0
"448",0.59875,0.39625,0.005,0
"449",0.1185,0.797,0.0845,0
"450",0.01075,0.5,0.4855,0.00375
"451",0.21775,0.7445,0.03775,0
"452",0.0225,0.6645,0.31175,0.00125
"453",0.001,0.17175,0.793,0.03425
"454",0,0.0105,0.72725,0.26225
"455",0,0,0.22675,0.77325
"456",0.52775,0.466,0.00625,0
"457",0.0935,0.80275,0.10375,0
"458",0.00425,0.44025,0.55025,0.00525
"459",0,0.0665,0.85175,0.08175
"460",0,0.00425,0.5305,0.46525
"461",0.82375,0.1755,0.00075,0
"462",0.29225,0.68375,0.024,0
"463",0.0315,0.7315,0.23675,0.00025
"464",0.00125,0.227,0.753,0.01875
"465",0,0.02475,0.7945,0.18075
"466",0.00575,0.4575,0.53175,0.005
"467",0,0.0815,0.848,0.0705
"468",0,0.006,0.55375,0.44025
"469",0,0,0.1115,0.8885
"470",0,0,0.0125,0.9875
"471",0.9735,0.0265,0,0
"472",0.79325,0.2055,0.00125,0
"473",0.25825,0.7175,0.02425,0
"474",0.02475,0.69775,0.27625,0.00125
"475",0.00025,0.195,0.78325,0.0215
"476",0.7265,0.2715,0.002,0
"477",0.19475,0.7565,0.04875,0
"478",0.018,0.63,0.35075,0.00125
"479",0,0.14575,0.82325,0.031
"480",0,0.0115,0.70275,0.28575
"481",0.99925,0.00075,0,0
"482",0.99525,0.00475,0,0
"483",0.94575,0.05425,0,0
"484",0.6195,0.37675,0.00375,0
"485",0.137,0.7955,0.0675,0
"486",0.48025,0.51125,0.0085,0
"487",0.075,0.797,0.12775,0.00025
"488",0.00225,0.3765,0.6135,0.00775
"489",0,0.05275,0.8505,0.09675
"490",0,0.00275,0.464,0.53325
"491",0.9915,0.0085,0,0
"492",0.93225,0.06775,0,0
"493",0.54875,0.44425,0.007,0
"494",0.10475,0.80275,0.0925,0
"495",0.00525,0.46675,0.5235,0.0045
"496",5e-04,0.215,0.76025,0.02425
"497",0,0.0215,0.76475,0.21375
"498",0,0.00075,0.28,0.71925
"499",0,0,0.035,0.965
"500",0,0,0.003,0.997
